<?xml version="1.0"?>
<opencv_storage>
<K type_id="opencv-matrix">
  <rows>3</rows>
  <cols>3</cols>
  <dt>d</dt>
  <data>
    1.6631481384679323e+03 0. 960. 0. 1.6631480961304098e+03 540. 0. 0.
    1.</data></K>
</opencv_storage>
